0.001122   7396.79   1.00054
0.003366   18239.6   1.00452
0.00561   24934.6   1.01105
0.007854   28706.2   1.01776
0.010098   30334.2   1.02202
0.012342   30330.7   1.02168
0.014586   29205.8   1.01565
0.01683   27490.5   1.00423
0.019074   25607   0.989145
0.0213179   23787.9   0.9732
0.0235619   22120.1   0.95971
0.0258059   20616.7   0.95179
0.0280499   19262.9   0.951655
0.0302939   18039.3   0.960103
0.0325379   16926.9   0.976276
0.0347819   15911   0.997756
0.0370259   14979.1   1.02098
0.0392699   14121.7   1.04189
0.0415139   13330.3   1.05668
0.0437579   12598.6   1.06256
0.0460019   11920.4   1.05824
0.0482459   11291.1   1.04422
0.0504899   10705.9   1.02272
0.0527339   10161.4   0.997289
0.0549779   9653.82   0.972171
0.0572219   9180.26   0.951564
0.0594658   8737.75   0.938882
0.0617098   8323.96   0.936166
0.0639538   7936.43   0.943756
0.0661978   7573.3   0.960253
0.0684418   7232.49   0.98279
0.0706858   6912.51   1.00756
0.0729298   6611.6   1.03047
0.0751738   6328.52   1.04786
0.0774178   6061.82   1.05708
0.0796618   5810.46   1.0569
0.0819058   5573.22   1.04771
0.0841498   5349.24   1.03133
0.0863938   5137.48   1.01068
0.0886378   4937.22   0.98927
0.0908818   4747.57   0.970555
0.0931258   4567.93   0.957401
0.0953698   4397.55   0.951631
0.0976138   4235.94   0.953783
0.0998577   4082.42   0.963086
0.102102   3936.56   0.977665
0.104346   3797.83   0.994896
0.10659   3665.86   1.01189
0.108834   3540.15   1.02596
0.111078   3420.42   1.03507
0.113322   3306.23   1.03809
0.115566   3197.32   1.03494
0.11781   3093.33   1.02654
0.120054   2994.02   1.01458
0.122298   2899.09   1.0012
0.124542   2808.34   0.988598
0.126786   2721.49   0.978712
0.12903   2638.37   0.972893
0.131274   2558.74   0.97175
0.133518   2482.46   0.9751
0.135762   2409.29   0.982065
0.138006   2339.14   0.991264
0.14025   2271.78   1.00107
0.142494   2207.15   1.0099
0.144738   2145.02   1.01644
0.146982   2085.35   1.01987
0.149226   2027.97   1.01992
0.15147   1972.78   1.01686
0.153714   1919.66   1.01145
0.155958   1868.54   1.00475
0.158202   1819.29   0.997917
0.160446   1771.87   0.992032
0.16269   1726.14   0.987929
0.164934   1682.07   0.986082
0.167178   1639.54   0.98657
0.169422   1598.52   0.989094
0.171666   1558.92   0.993066
0.17391   1520.69   0.997727
0.176154   1483.76   1.00228
0.178398   1448.07   1.00603
0.180642   1413.58   1.00847
0.182886   1380.24   1.00936
0.18513   1347.98   1.0087
0.187374   1316.78   1.00676
0.189618   1286.57   1.00398
0.191862   1257.34   1.00087
0.194106   1229.02   0.997953
0.19635   1201.61   0.995661
0.198593   1175.05   0.994286
0.200837   1149.29   0.993941
0.203081   1124.32   0.994571
0.205325   1100.11   0.995971
0.207569   1076.63   0.997841
0.209813   1053.84   0.999838
0.212057   1031.73   1.00164
0.214301   1010.25   1.00298
0.216545   989.408   1.00372
0.218789   969.165   1.00379
0.221033   949.493   1.00327
0.223277   930.384   1.00231
0.225521   911.806   1.0011
0.227765   893.75   0.999859
0.230009   876.188   0.998786
0.232253   859.111   0.998027
0.234497   842.496   0.997662
0.236741   826.332   0.997701
0.238985   810.597   0.998091
0.241229   795.283   0.998728
0.243473   780.369   0.999485
0.245717   765.85   1.00023
0.247961   751.704   1.00085
0.250205   737.926   1.00126
0.252449   724.497   1.00143
0.254693   711.412   1.00135
0.256937   698.655   1.00108
0.259181   686.219   1.00067
0.261425   674.09   1.00022
0.263669   662.262   0.999782
0.265913   650.723   0.999436
0.268157   639.465   0.999222
0.270401   628.478   0.999155
0.272645   617.756   0.999227
0.274889   607.288   0.999409
0.277133   597.07   0.999658
0.279377   587.089   0.999928
0.281621   577.343   1.00017
0.283865   567.822   1.00036
0.286109   558.522   1.00047
0.288353   549.433   1.00049
0.290597   540.551   1.00043
0.292841   531.87   1.00031
0.295085   523.384   1.00017
0.297329   515.086   1.00001
0.299573   506.973   0.999876
0.301817   499.037   0.999779
0.304061   491.276   0.999728
0.306305   483.683   0.999727
0.308549   476.253   0.999767
0.310793   468.984   0.999838
0.313037   461.87   0.999924
0.315281   454.905   1.00001
0.317525   448.089   1.00008
0.319769   441.414   1.00013
0.322013   434.879   1.00015
0.324257   428.479   1.00015
0.326501   422.21   1.00012
0.328745   416.069   1.00008
0.330989   410.054   1.00003
0.333233   404.16   0.999985
0.335477   398.384   0.999948
0.337721   392.723   0.999924
0.339965   387.176   0.999915
0.342209   381.737   0.99992
0.344453   376.405   0.999937
0.346697   371.178   0.999961
0.348941   366.052   0.999988
0.351185   361.024   1.00001
0.353429   356.093   1.00003
0.355673   351.257   1.00004
0.357917   346.512   1.00005
0.360161   341.856   1.00004
0.362405   337.288   1.00003
0.364649   332.806   1.00002
0.366893   328.406   1
0.369137   324.088   0.999991
0.371381   319.849   0.999982
0.373625   315.688   0.999976
0.375869   311.602   0.999976
0.378113   307.591   0.999979
0.380357   303.651   0.999985
0.382601   299.782   0.999992
0.384845   295.982   1
0.387089   292.249   1.00001
0.389333   288.582   1.00001
0.391577   284.979   1.00001
