Redshift of power spectrum = 0.9, best fit ka = 0.035, 1-sigma errors: + -0.035 - 0.035 with h = 0.7
0.035   -0
0.035015   -0
0.03503   -0
0.035045   -0
0.0350601   -0
0.0350751   -0
0.0350901   -0
0.0351051   -0
0.0351201   -0
0.0351351   -0
0.0351502   -0
0.0351652   -0
0.0351802   -0
0.0351952   -0
0.0352102   -0
0.0352252   -0
0.0352402   -0
0.0352553   -0
0.0352703   -0
0.0352853   -0
0.0353003   -0
0.0353153   -0
0.0353303   -0
0.0353453   -0
0.0353604   -0
0.0353754   -0
0.0353904   -0
0.0354054   -0
0.0354204   -0
0.0354354   -0
0.0354505   -0
0.0354655   -0
0.0354805   -0
0.0354955   -0
0.0355105   -0
0.0355255   -0
0.0355405   -0
0.0355556   -0
0.0355706   -0
0.0355856   -0
0.0356006   -0
0.0356156   -0
0.0356306   -0
0.0356456   -0
0.0356607   -0
0.0356757   -0
0.0356907   -0
0.0357057   -0
0.0357207   -0
0.0357357   -0
0.0357508   -0
0.0357658   -0
0.0357808   -0
0.0357958   -0
0.0358108   -0
0.0358258   -0
0.0358408   -0
0.0358559   -0
0.0358709   -0
0.0358859   -0
0.0359009   -0
0.0359159   -0
0.0359309   -0
0.0359459   -0
0.035961   -0
0.035976   -0
0.035991   -0
0.036006   -0
0.036021   -0
0.036036   -0
0.0360511   -0
0.0360661   -0
0.0360811   -0
0.0360961   -0
0.0361111   -0
0.0361261   -0
0.0361411   -0
0.0361562   -0
0.0361712   -0
0.0361862   -0
0.0362012   -0
0.0362162   -0
0.0362312   -0
0.0362462   -0
0.0362613   -0
0.0362763   -0
0.0362913   -0
0.0363063   -0
0.0363213   -0
0.0363363   -0
0.0363514   -0
0.0363664   -0
0.0363814   -0
0.0363964   -0
0.0364114   -0
0.0364264   -0
0.0364414   -0
0.0364565   -0
0.0364715   -0
0.0364865   -0
0.0365015   -0
0.0365165   -0
0.0365315   -0
0.0365465   -0
0.0365616   -0
0.0365766   -0
0.0365916   -0
0.0366066   -0
0.0366216   -0
0.0366366   -0
0.0366517   -0
0.0366667   -0
0.0366817   -0
0.0366967   -0
0.0367117   -0
0.0367267   -0
0.0367417   -0
0.0367568   -0
0.0367718   -0
0.0367868   -0
0.0368018   -0
0.0368168   -0
0.0368318   -0
0.0368468   -0
0.0368619   -0
0.0368769   -0
0.0368919   -0
0.0369069   -0
0.0369219   -0
0.0369369   -0
0.036952   -0
0.036967   -0
0.036982   -0
0.036997   -0
0.037012   -0
0.037027   -0
0.037042   -0
0.0370571   -0
0.0370721   -0
0.0370871   -0
0.0371021   -0
0.0371171   -0
0.0371321   -0
0.0371471   -0
0.0371622   -0
0.0371772   -0
0.0371922   -0
0.0372072   -0
0.0372222   -0
0.0372372   -0
0.0372523   -0
0.0372673   -0
0.0372823   -0
0.0372973   -0
0.0373123   -0
0.0373273   -0
0.0373423   -0
0.0373574   -0
0.0373724   -0
0.0373874   -0
0.0374024   -0
0.0374174   -0
0.0374324   -0
0.0374474   -0
0.0374625   -0
0.0374775   -0
0.0374925   -0
0.0375075   -0
0.0375225   -0
0.0375375   -0
0.0375526   -0
0.0375676   -0
0.0375826   -0
0.0375976   -0
0.0376126   -0
0.0376276   -0
0.0376426   -0
0.0376577   -0
0.0376727   -0
0.0376877   -0
0.0377027   -0
0.0377177   -0
0.0377327   -0
0.0377477   -0
0.0377628   -0
0.0377778   -0
0.0377928   -0
0.0378078   -0
0.0378228   -0
0.0378378   -0
0.0378529   -0
0.0378679   -0
0.0378829   -0
0.0378979   -0
0.0379129   -0
0.0379279   -0
0.0379429   -0
0.037958   -0
0.037973   -0
0.037988   -0
0.038003   -0
0.038018   -0
0.038033   -0
0.038048   -0
0.0380631   -0
0.0380781   -0
0.0380931   -0
0.0381081   -0
0.0381231   -0
0.0381381   -0
0.0381532   -0
0.0381682   -0
0.0381832   -0
0.0381982   -0
0.0382132   -0
0.0382282   -0
0.0382432   -0
0.0382583   -0
0.0382733   -0
0.0382883   -0
0.0383033   -0
0.0383183   -0
0.0383333   -0
0.0383483   -0
0.0383634   -0
0.0383784   -0
0.0383934   -0
0.0384084   -0
0.0384234   -0
0.0384384   -0
0.0384535   -0
0.0384685   -0
0.0384835   -0
0.0384985   -0
0.0385135   -0
0.0385285   -0
0.0385435   -0
0.0385586   -0
0.0385736   -0
0.0385886   -0
0.0386036   -0
0.0386186   -0
0.0386336   -0
0.0386486   -0
0.0386637   -0
0.0386787   -0
0.0386937   -0
0.0387087   -0
0.0387237   -0
0.0387387   -0
0.0387538   -0
0.0387688   -0
0.0387838   -0
0.0387988   -0
0.0388138   -0
0.0388288   -0
0.0388438   -0
0.0388589   -0
0.0388739   -0
0.0388889   -0
0.0389039   -0
0.0389189   -0
0.0389339   -0
0.0389489   -0
0.038964   -0
0.038979   -0
0.038994   -0
0.039009   -0
0.039024   -0
0.039039   -0
0.0390541   -0
0.0390691   -0
0.0390841   -0
0.0390991   -0
0.0391141   -0
0.0391291   -0
0.0391441   -0
0.0391592   -0
0.0391742   -0
0.0391892   -0
0.0392042   -0
0.0392192   -0
0.0392342   -0
0.0392492   -0
0.0392643   -0
0.0392793   -0
0.0392943   -0
0.0393093   -0
0.0393243   -0
0.0393393   -0
0.0393544   -0
0.0393694   -0
0.0393844   -0
0.0393994   -0
0.0394144   -0
0.0394294   -0
0.0394444   -0
0.0394595   -0
0.0394745   -0
0.0394895   -0
0.0395045   -0
0.0395195   -0
0.0395345   -0
0.0395495   -0
0.0395646   -0
0.0395796   -0
0.0395946   -0
0.0396096   -0
0.0396246   -0
0.0396396   -0
0.0396547   -0
0.0396697   -0
0.0396847   -0
0.0396997   -0
0.0397147   -0
0.0397297   -0
0.0397447   -0
0.0397598   -0
0.0397748   -0
0.0397898   -0
0.0398048   -0
0.0398198   -0
0.0398348   -0
0.0398498   -0
0.0398649   -0
0.0398799   -0
0.0398949   -0
0.0399099   -0
0.0399249   -0
0.0399399   -0
0.039955   -0
0.03997   -0
0.039985   -0
0.04   -0
0.040015   -0
0.04003   -0
0.040045   -0
0.0400601   -0
0.0400751   -0
0.0400901   -0
0.0401051   -0
0.0401201   -0
0.0401351   -0
0.0401502   -0
0.0401652   -0
0.0401802   -0
0.0401952   -0
0.0402102   -0
0.0402252   -0
0.0402402   -0
0.0402553   -0
0.0402703   -0
0.0402853   -0
0.0403003   -0
0.0403153   -0
0.0403303   -0
0.0403453   -0
0.0403604   -0
0.0403754   -0
0.0403904   -0
0.0404054   -0
0.0404204   -0
0.0404354   -0
0.0404505   -0
0.0404655   -0
0.0404805   -0
0.0404955   -0
0.0405105   -0
0.0405255   -0
0.0405405   -0
0.0405556   -0
0.0405706   -0
0.0405856   -0
0.0406006   -0
0.0406156   -0
0.0406306   -0
0.0406456   -0
0.0406607   -0
0.0406757   -0
0.0406907   -0
0.0407057   -0
0.0407207   -0
0.0407357   -0
0.0407508   -0
0.0407658   -0
0.0407808   -0
0.0407958   -0
0.0408108   -0
0.0408258   -0
0.0408408   -0
0.0408559   -0
0.0408709   -0
0.0408859   -0
0.0409009   -0
0.0409159   -0
0.0409309   -0
0.0409459   -0
0.040961   -0
0.040976   -0
0.040991   -0
0.041006   -0
0.041021   -0
0.041036   -0
0.0410511   -0
0.0410661   -0
0.0410811   -0
0.0410961   -0
0.0411111   -0
0.0411261   -0
0.0411411   -0
0.0411562   -0
0.0411712   -0
0.0411862   -0
0.0412012   -0
0.0412162   -0
0.0412312   -0
0.0412462   -0
0.0412613   -0
0.0412763   -0
0.0412913   -0
0.0413063   -0
0.0413213   -0
0.0413363   -0
0.0413514   -0
0.0413664   -0
0.0413814   -0
0.0413964   -0
0.0414114   -0
0.0414264   -0
0.0414414   -0
0.0414565   -0
0.0414715   -0
0.0414865   -0
0.0415015   -0
0.0415165   -0
0.0415315   -0
0.0415465   -0
0.0415616   -0
0.0415766   -0
0.0415916   -0
0.0416066   -0
0.0416216   -0
0.0416366   -0
0.0416517   -0
0.0416667   -0
0.0416817   -0
0.0416967   -0
0.0417117   -0
0.0417267   -0
0.0417417   -0
0.0417568   -0
0.0417718   -0
0.0417868   -0
0.0418018   -0
0.0418168   -0
0.0418318   -0
0.0418468   -0
0.0418619   -0
0.0418769   -0
0.0418919   -0
0.0419069   -0
0.0419219   -0
0.0419369   -0
0.041952   -0
0.041967   -0
0.041982   -0
0.041997   -0
0.042012   -0
0.042027   -0
0.042042   -0
0.0420571   -0
0.0420721   -0
0.0420871   -0
0.0421021   -0
0.0421171   -0
0.0421321   -0
0.0421471   -0
0.0421622   -0
0.0421772   -0
0.0421922   -0
0.0422072   -0
0.0422222   -0
0.0422372   -0
0.0422523   -0
0.0422673   -0
0.0422823   -0
0.0422973   -0
0.0423123   -0
0.0423273   -0
0.0423423   -0
0.0423574   -0
0.0423724   -0
0.0423874   -0
0.0424024   -0
0.0424174   -0
0.0424324   -0
0.0424474   -0
0.0424625   -0
0.0424775   -0
0.0424925   -0
0.0425075   -0
0.0425225   -0
0.0425375   -0
0.0425526   -0
0.0425676   -0
0.0425826   -0
0.0425976   -0
0.0426126   -0
0.0426276   -0
0.0426426   -0
0.0426577   -0
0.0426727   -0
0.0426877   -0
0.0427027   -0
0.0427177   -0
0.0427327   -0
0.0427477   -0
0.0427628   -0
0.0427778   -0
0.0427928   -0
0.0428078   -0
0.0428228   -0
0.0428378   -0
0.0428529   -0
0.0428679   -0
0.0428829   -0
0.0428979   -0
0.0429129   -0
0.0429279   -0
0.0429429   -0
0.042958   -0
0.042973   -0
0.042988   -0
0.043003   -0
0.043018   -0
0.043033   -0
0.043048   -0
0.0430631   -0
0.0430781   -0
0.0430931   -0
0.0431081   -0
0.0431231   -0
0.0431381   -0
0.0431532   -0
0.0431682   -0
0.0431832   -0
0.0431982   -0
0.0432132   -0
0.0432282   -0
0.0432432   -0
0.0432583   -0
0.0432733   -0
0.0432883   -0
0.0433033   -0
0.0433183   -0
0.0433333   -0
0.0433483   -0
0.0433634   -0
0.0433784   -0
0.0433934   -0
0.0434084   -0
0.0434234   -0
0.0434384   -0
0.0434535   -0
0.0434685   -0
0.0434835   -0
0.0434985   -0
0.0435135   -0
0.0435285   -0
0.0435435   -0
0.0435586   -0
0.0435736   -0
0.0435886   -0
0.0436036   -0
0.0436186   -0
0.0436336   -0
0.0436486   -0
0.0436637   -0
0.0436787   -0
0.0436937   -0
0.0437087   -0
0.0437237   -0
0.0437387   -0
0.0437538   -0
0.0437688   -0
0.0437838   -0
0.0437988   -0
0.0438138   -0
0.0438288   -0
0.0438438   -0
0.0438589   -0
0.0438739   -0
0.0438889   -0
0.0439039   -0
0.0439189   -0
0.0439339   -0
0.0439489   -0
0.043964   -0
0.043979   -0
0.043994   -0
0.044009   -0
0.044024   -0
0.044039   -0
0.0440541   -0
0.0440691   -0
0.0440841   -0
0.0440991   -0
0.0441141   -0
0.0441291   -0
0.0441441   -0
0.0441592   -0
0.0441742   -0
0.0441892   -0
0.0442042   -0
0.0442192   -0
0.0442342   -0
0.0442492   -0
0.0442643   -0
0.0442793   -0
0.0442943   -0
0.0443093   -0
0.0443243   -0
0.0443393   -0
0.0443544   -0
0.0443694   -0
0.0443844   -0
0.0443994   -0
0.0444144   -0
0.0444294   -0
0.0444444   -0
0.0444595   -0
0.0444745   -0
0.0444895   -0
0.0445045   -0
0.0445195   -0
0.0445345   -0
0.0445495   -0
0.0445646   -0
0.0445796   -0
0.0445946   -0
0.0446096   -0
0.0446246   -0
0.0446396   -0
0.0446547   -0
0.0446697   -0
0.0446847   -0
0.0446997   -0
0.0447147   -0
0.0447297   -0
0.0447447   -0
0.0447598   -0
0.0447748   -0
0.0447898   -0
0.0448048   -0
0.0448198   -0
0.0448348   -0
0.0448498   -0
0.0448649   -0
0.0448799   -0
0.0448949   -0
0.0449099   -0
0.0449249   -0
0.0449399   -0
0.044955   -0
0.04497   -0
0.044985   -0
0.045   -0
0.045015   -0
0.04503   -0
0.045045   -0
0.0450601   -0
0.0450751   -0
0.0450901   -0
0.0451051   -0
0.0451201   -0
0.0451351   -0
0.0451502   -0
0.0451652   -0
0.0451802   -0
0.0451952   -0
0.0452102   -0
0.0452252   -0
0.0452402   -0
0.0452553   -0
0.0452703   -0
0.0452853   -0
0.0453003   -0
0.0453153   -0
0.0453303   -0
0.0453453   -0
0.0453604   -0
0.0453754   -0
0.0453904   -0
0.0454054   -0
0.0454204   -0
0.0454354   -0
0.0454505   -0
0.0454655   -0
0.0454805   -0
0.0454955   -0
0.0455105   -0
0.0455255   -0
0.0455405   -0
0.0455556   -0
0.0455706   -0
0.0455856   -0
0.0456006   -0
0.0456156   -0
0.0456306   -0
0.0456456   -0
0.0456607   -0
0.0456757   -0
0.0456907   -0
0.0457057   -0
0.0457207   -0
0.0457357   -0
0.0457508   -0
0.0457658   -0
0.0457808   -0
0.0457958   -0
0.0458108   -0
0.0458258   -0
0.0458408   -0
0.0458559   -0
0.0458709   -0
0.0458859   -0
0.0459009   -0
0.0459159   -0
0.0459309   -0
0.0459459   -0
0.045961   -0
0.045976   -0
0.045991   -0
0.046006   -0
0.046021   -0
0.046036   -0
0.0460511   -0
0.0460661   -0
0.0460811   -0
0.0460961   -0
0.0461111   -0
0.0461261   -0
0.0461411   -0
0.0461562   -0
0.0461712   -0
0.0461862   -0
0.0462012   -0
0.0462162   -0
0.0462312   -0
0.0462462   -0
0.0462613   -0
0.0462763   -0
0.0462913   -0
0.0463063   -0
0.0463213   -0
0.0463363   -0
0.0463514   -0
0.0463664   -0
0.0463814   -0
0.0463964   -0
0.0464114   -0
0.0464264   -0
0.0464414   -0
0.0464565   -0
0.0464715   -0
0.0464865   -0
0.0465015   -0
0.0465165   -0
0.0465315   -0
0.0465465   -0
0.0465616   -0
0.0465766   -0
0.0465916   -0
0.0466066   -0
0.0466216   -0
0.0466366   -0
0.0466517   -0
0.0466667   -0
0.0466817   -0
0.0466967   -0
0.0467117   -0
0.0467267   -0
0.0467417   -0
0.0467568   -0
0.0467718   -0
0.0467868   -0
0.0468018   -0
0.0468168   -0
0.0468318   -0
0.0468468   -0
0.0468619   -0
0.0468769   -0
0.0468919   -0
0.0469069   -0
0.0469219   -0
0.0469369   -0
0.046952   -0
0.046967   -0
0.046982   -0
0.046997   -0
0.047012   -0
0.047027   -0
0.047042   -0
0.0470571   -0
0.0470721   -0
0.0470871   -0
0.0471021   -0
0.0471171   -0
0.0471321   -0
0.0471471   -0
0.0471622   -0
0.0471772   -0
0.0471922   -0
0.0472072   -0
0.0472222   -0
0.0472372   -0
0.0472523   -0
0.0472673   -0
0.0472823   -0
0.0472973   -0
0.0473123   -0
0.0473273   -0
0.0473423   -0
0.0473574   -0
0.0473724   -0
0.0473874   -0
0.0474024   -0
0.0474174   -0
0.0474324   -0
0.0474474   -0
0.0474625   -0
0.0474775   -0
0.0474925   -0
0.0475075   -0
0.0475225   -0
0.0475375   -0
0.0475526   -0
0.0475676   -0
0.0475826   -0
0.0475976   -0
0.0476126   -0
0.0476276   -0
0.0476426   -0
0.0476577   -0
0.0476727   -0
0.0476877   -0
0.0477027   -0
0.0477177   -0
0.0477327   -0
0.0477477   -0
0.0477628   -0
0.0477778   -0
0.0477928   -0
0.0478078   -0
0.0478228   -0
0.0478378   -0
0.0478529   -0
0.0478679   -0
0.0478829   -0
0.0478979   -0
0.0479129   -0
0.0479279   -0
0.0479429   -0
0.047958   -0
0.047973   -0
0.047988   -0
0.048003   -0
0.048018   -0
0.048033   -0
0.048048   -0
0.0480631   -0
0.0480781   -0
0.0480931   -0
0.0481081   -0
0.0481231   -0
0.0481381   -0
0.0481532   -0
0.0481682   -0
0.0481832   -0
0.0481982   -0
0.0482132   -0
0.0482282   -0
0.0482432   -0
0.0482583   -0
0.0482733   -0
0.0482883   -0
0.0483033   -0
0.0483183   -0
0.0483333   -0
0.0483483   -0
0.0483634   -0
0.0483784   -0
0.0483934   -0
0.0484084   -0
0.0484234   -0
0.0484384   -0
0.0484535   -0
0.0484685   -0
0.0484835   -0
0.0484985   -0
0.0485135   -0
0.0485285   -0
0.0485435   -0
0.0485586   -0
0.0485736   -0
0.0485886   -0
0.0486036   -0
0.0486186   -0
0.0486336   -0
0.0486486   -0
0.0486637   -0
0.0486787   -0
0.0486937   -0
0.0487087   -0
0.0487237   -0
0.0487387   -0
0.0487538   -0
0.0487688   -0
0.0487838   -0
0.0487988   -0
0.0488138   -0
0.0488288   -0
0.0488438   -0
0.0488589   -0
0.0488739   -0
0.0488889   -0
0.0489039   -0
0.0489189   -0
0.0489339   -0
0.0489489   -0
0.048964   -0
0.048979   -0
0.048994   -0
0.049009   -0
0.049024   -0
0.049039   -0
0.0490541   -0
0.0490691   -0
0.0490841   -0
0.0490991   -0
0.0491141   -0
0.0491291   -0
0.0491441   -0
0.0491592   -0
0.0491742   -0
0.0491892   -0
0.0492042   -0
0.0492192   -0
0.0492342   -0
0.0492492   -0
0.0492643   -0
0.0492793   -0
0.0492943   -0
0.0493093   -0
0.0493243   -0
0.0493393   -0
0.0493544   -0
0.0493694   -0
0.0493844   -0
0.0493994   -0
0.0494144   -0
0.0494294   -0
0.0494444   -0
0.0494595   -0
0.0494745   -0
0.0494895   -0
0.0495045   -0
0.0495195   -0
0.0495345   -0
0.0495495   -0
0.0495646   -0
0.0495796   -0
0.0495946   -0
0.0496096   -0
0.0496246   -0
0.0496396   -0
0.0496547   -0
0.0496697   -0
0.0496847   -0
0.0496997   -0
0.0497147   -0
0.0497297   -0
0.0497447   -0
0.0497598   -0
0.0497748   -0
0.0497898   -0
0.0498048   -0
0.0498198   -0
0.0498348   -0
0.0498498   -0
0.0498649   -0
0.0498799   -0
0.0498949   -0
0.0499099   -0
0.0499249   -0
0.0499399   -0
0.049955   -0
0.04997   -0
0.049985   -0
0.05   -0
