0.001122   0.907628   0.695043
0.003366   0.833334   0.212716
0.00561   1.00059   0.153246
0.007854   1.03878   0.11364
0.010098   1.06778   0.0908539
0.012342   0.969148   0.0674683
0.014586   1.09446   0.0644704
0.01683   0.924649   0.047205
0.019074   1.0276   0.0462893
0.0213179   0.924131   0.0372463
0.0235619   1.04732   0.0381913
0.0258059   1.00497   0.0334603
0.0280499   0.960634   0.0294253
0.0302939   1.00919   0.0286228
0.0325379   0.978232   0.0258312
0.0347819   0.944619   0.0233346
0.0370259   0.985308   0.0228643
0.0392699   0.9843   0.021536
0.0415139   1.00456   0.0207911
0.0437579   1.04128   0.0204459
0.0460019   1.03652   0.0193594
0.0482459   1.03863   0.0184968
0.0504899   1.05856   0.0180139
0.0527339   1.06234   0.0173088
0.0549779   1.01586   0.0158759
0.0572219   1.06339   0.0159671
0.0594658   1.08849   0.0157272
0.0617098   1.04368   0.0145315
0.0639538   0.992109   0.0133287
0.0661978   1.00082   0.01299
0.0684418   0.996799   0.0125136
0.0706858   0.960831   0.0116791
0.0729298   0.969121   0.0114174
0.0751738   0.965648   0.0110369
0.0774178   0.976839   0.0108412
0.0796618   0.949607   0.0102421
0.0819058   0.987724   0.0103614
0.0841498   0.993767   0.0101467
0.0863938   1.01062   0.0100508
0.0886378   1.00818   0.00977269
0.0908818   1.00951   0.00954398
0.0931258   1.04607   0.00965135
0.0953698   1.04421   0.00940752
0.0976138   1.02794   0.00904796
0.0998577   1.04419   0.00898447
0.102102   1.02755   0.00864697
0.104346   1.02316   0.00842489
0.10659   0.9942   0.00801408
0.108834   0.98938   0.0078108
0.111078   0.979677   0.00757793
0.113322   0.978061   0.00741565
0.115566   0.963737   0.00716513
0.11781   0.970325   0.00707669
0.120054   0.97629   0.00698712
0.122298   0.983648   0.00691062
0.124542   0.974466   0.00672276
0.126786   0.992798   0.006728
0.12903   1.00163   0.00666979
0.131274   1.00755   0.00659453
0.133518   1.01649   0.00654126
0.135762   1.02217   0.00646904
0.138006   1.01478   0.00631784
0.14025   1.01372   0.00621032
0.142494   1.01353   0.00611128
0.144738   1.01919   0.00605019
0.146982   0.990936   0.00579264
0.149226   0.987282   0.00568452
0.15147   0.995699   0.00564803
0.153714   0.966738   0.00540371
0.155958   0.980187   0.00540004
0.158202   0.979089   0.0053175
0.160446   0.974856   0.00522044
0.16269   0.981586   0.005184
0.164934   0.981333   0.00511217
0.167178   0.977307   0.00502286
0.169422   0.987599   0.00500848
0.171666   1.00458   0.00502799
0.17391   1.00385   0.00495955
0.176154   1.01202   0.00493617
0.178398   1.01015   0.00486512
0.180642   1.01169   0.00481202
0.182886   1.00047   0.00470028
0.18513   1.0066   0.00467172
0.187374   1.00322   0.00460027
0.189618   1.00049   0.00453348
0.191862   0.999133   0.00447438
0.194106   0.985968   0.00436437
0.19635   0.986463   0.00431664
0.198593   0.981838   0.00424786
0.200837   0.987294   0.00422375
0.203081   0.982139   0.00415525
0.205325   0.987958   0.0041342
0.207569   0.985062   0.00407752
0.209813   0.997074   0.0040831
0.212057   1.00029   0.0040529
0.214301   1.00397   0.00402522
0.216545   0.997404   0.00395748
0.218789   1.0113   0.00397147
0.221033   1.00568   0.00390928
0.223277   1.01468   0.00390464
0.225521   1.00538   0.00383035
0.227765   1.01969   0.00384657
0.230009   1.00128   0.00374028
0.232253   1.00328   0.00371154
0.234497   1.00153   0.00366962
0.236741   1.01147   0.0036709
0.238985   0.987758   0.0035512
0.241229   1.00239   0.00357029
0.243473   1.0004   0.00353034
0.245717   0.997319   0.00348734
0.247961   0.990345   0.00343162
0.250205   0.999886   0.00343361
0.252449   1.00099   0.00340684
0.254693   1.00447   0.00338857
0.256937   0.998348   0.00333849
0.259181   0.999111   0.0033121
0.261425   1.01048   0.00332106
0.263669   1.00176   0.00326437
0.265913   1.00795   0.00325684
0.268157   1.00547   0.00322163
0.270401   1.01049   0.00321084
0.272645   0.999359   0.00314933
0.274889   1.00323   0.00313573
0.277133   1.00219   0.00310713
0.279377   0.994016   0.003057
0.281621   1.00707   0.00307249
0.283865   1.00381   0.00303835
0.286109   1.00989   0.00303272
0.288353   1.00702   0.0030006
0.290597   0.994516   0.00294046
0.292841   0.998891   0.00293077
0.295085   1.00443   0.00292462
0.297329   1.0086   0.00291458
0.299573   1.00713   0.00288854
0.301817   1.0026   0.00285416
0.304061   1.00678   0.00284492
0.306305   1.00487   0.00281871
0.308549   1.01209   0.00281831
0.310793   1.00011   0.00276485
0.313037   1.01014   0.00277256
0.315281   0.998353   0.0027207
0.317525   1.01692   0.00275171
0.319769   1.00117   0.00269008
0.322013   1.01503   0.00270832
0.324257   0.998992   0.00264709
0.326501   0.999801   0.00263101
0.328745   1.00644   0.0026304
0.330989   1.00803   0.0026167
0.333233   1.00805   0.00259915
0.335477   1.0134   0.00259544
0.337721   1.00883   0.00256659
0.339965   1.01725   0.00257092
0.342209   1.00471   0.0025226
0.344453   1.00859   0.00251583
0.346697   0.990359   0.00245436
0.348941   1.01373   0.00249612
0.351185   1.02249   0.0025016
0.353429   1.0071   0.00244831
0.355673   1.01279   0.0024466
0.357917   1.01904   0.00244626
0.360161   1.00668   0.00240154
0.362405   1.00464   0.00238183
0.364649   0.997198   0.00234965
0.366893   1.00362   0.00235032
0.369137   1.0064   0.00234248
0.371381   1.01099   0.00233896
0.373625   1.01207   0.00232738
0.375869   1.01804   0.00232715
0.378113   1.00128   0.00227525
0.380357   1.02223   0.00230915
0.382601   1.00893   0.00226574
0.384845   1.01686   0.00227024
0.387089   1.00646   0.002234
0.389333   0.998895   0.00220441
0.391577   1.01805   0.00223381
