0.05  -11.3002
0.1  -12.8803
0.15  -13.8305
0.2  -14.5203
0.25  -15.0657
0.3  -15.5185
0.35  -15.9065
0.4  -16.2465
0.45  -16.5493
0.5  -16.8223
0.55  -17.071
0.6  -17.2993
0.65  -17.5103
0.7  -17.7065
0.75  -17.8896
0.8  -18.0614
0.85  -18.2231
0.9  -18.3758
0.95  -18.5205
1  -18.6578
1.05  -18.7886
1.1  -18.9133
1.15  -19.0325
1.2  -19.1466
1.25  -19.256
1.3  -19.3612
1.35  -19.4623
1.4  -19.5597
1.45  -19.6536
1.5  -19.7443
1.55  -19.832
1.6  -19.9168
1.65  -19.999
1.7  -20.0786
1.75  -20.1559
1.8  -20.2309
1.85  -20.3038
1.9  -20.3747
1.95  -20.4437
2  -20.5109
2.05  -20.5764
2.1  -20.6403
2.15  -20.7026
2.2  -20.7634
2.25  -20.8227
2.3  -20.8808
2.35  -20.9375
2.4  -20.993
2.45  -21.0473
2.5  -21.1004
2.55  -21.1525
2.6  -21.2035
2.65  -21.2535
2.7  -21.3025
2.75  -21.3506
2.8  -21.3977
2.85  -21.444
2.9  -21.4895
2.95  -21.5341
3  -21.578
3.05  -21.6211
3.1  -21.6635
3.15  -21.7051
3.2  -21.7461
3.25  -21.7864
3.3  -21.8261
3.35  -21.8651
3.4  -21.9035
3.45  -21.9414
3.5  -21.9787
3.55  -22.0154
3.6  -22.0516
3.65  -22.0872
3.7  -22.1224
3.75  -22.157
3.8  -22.1912
3.85  -22.2249
3.9  -22.2582
3.95  -22.291
4  -22.3234
