0.001122   10818.9   1.00054
0.003366   26678.1   1.00452
0.00561   36470.5   1.01105
0.007854   41987   1.01776
0.010098   44368.1   1.02202
0.012342   44363   1.02168
0.014586   42717.7   1.01565
0.01683   40208.8   1.00423
0.019074   37453.9   0.989145
0.0213179   34793.3   0.9732
0.0235619   32353.9   0.95971
0.0258059   30154.9   0.95179
0.0280499   28174.8   0.951655
0.0302939   26385.1   0.960103
0.0325379   24758   0.976276
0.0347819   23272.2   0.997756
0.0370259   21909.2   1.02098
0.0392699   20655   1.04189
0.0415139   19497.5   1.05668
0.0437579   18427.2   1.06256
0.0460019   17435.2   1.05824
0.0482459   16514.8   1.04422
0.0504899   15659   1.02272
0.0527339   14862.6   0.997289
0.0549779   14120.1   0.972171
0.0572219   13427.5   0.951564
0.0594658   12780.2   0.938882
0.0617098   12175   0.936166
0.0639538   11608.2   0.943756
0.0661978   11077.1   0.960253
0.0684418   10578.5   0.98279
0.0706858   10110.6   1.00756
0.0729298   9670.41   1.03047
0.0751738   9256.38   1.04786
0.0774178   8866.29   1.05708
0.0796618   8498.65   1.0569
0.0819058   8151.64   1.04771
0.0841498   7824.05   1.03133
0.0863938   7514.31   1.01068
0.0886378   7221.4   0.98927
0.0908818   6944   0.970555
0.0931258   6681.27   0.957401
0.0953698   6432.06   0.951631
0.0976138   6195.67   0.953783
0.0998577   5971.13   0.963086
0.102102   5757.79   0.977665
0.104346   5554.87   0.994896
0.10659   5361.85   1.01189
0.108834   5177.99   1.02596
0.111078   5002.86   1.03507
0.113322   4835.83   1.03809
0.115566   4676.54   1.03494
0.11781   4524.43   1.02654
0.120054   4379.19   1.01458
0.122298   4240.34   1.0012
0.124542   4107.61   0.988598
0.126786   3980.56   0.978712
0.12903   3859   0.972893
0.131274   3742.53   0.97175
0.133518   3630.96   0.9751
0.135762   3523.94   0.982065
0.138006   3421.33   0.991264
0.14025   3322.81   1.00107
0.142494   3228.27   1.0099
0.144738   3137.41   1.01644
0.146982   3050.13   1.01987
0.149226   2966.19   1.01992
0.15147   2885.48   1.01686
0.153714   2807.78   1.01145
0.155958   2733.01   1.00475
0.158202   2660.98   0.997917
0.160446   2591.61   0.992032
0.16269   2524.73   0.987929
0.164934   2460.27   0.986082
0.167178   2398.07   0.98657
0.169422   2338.07   0.989094
0.171666   2280.15   0.993066
0.17391   2224.23   0.997727
0.176154   2170.21   1.00228
0.178398   2118.02   1.00603
0.180642   2067.56   1.00847
0.182886   2018.8   1.00936
0.18513   1971.61   1.0087
0.187374   1925.98   1.00676
0.189618   1881.8   1.00398
0.191862   1839.05   1.00087
0.194106   1797.63   0.997953
0.19635   1757.52   0.995661
0.198593   1718.66   0.994286
0.200837   1681.01   0.993941
0.203081   1644.48   0.994571
0.205325   1609.07   0.995971
0.207569   1574.72   0.997841
0.209813   1541.39   0.999838
0.212057   1509.05   1.00164
0.214301   1477.65   1.00298
0.216545   1447.15   1.00372
0.218789   1417.55   1.00379
0.221033   1388.77   1.00327
0.223277   1360.82   1.00231
0.225521   1333.64   1.0011
0.227765   1307.24   0.999859
0.230009   1281.55   0.998786
0.232253   1256.58   0.998027
0.234497   1232.27   0.997662
0.236741   1208.63   0.997701
0.238985   1185.62   0.998091
0.241229   1163.21   0.998728
0.243473   1141.41   0.999485
0.245717   1120.17   1.00023
0.247961   1099.47   1.00085
0.250205   1079.33   1.00126
0.252449   1059.68   1.00143
0.254693   1040.54   1.00135
0.256937   1021.88   1.00108
0.259181   1003.69   1.00067
0.261425   985.954   1.00022
0.263669   968.655   0.999782
0.265913   951.776   0.999436
0.268157   935.311   0.999222
0.270401   919.24   0.999155
0.272645   903.558   0.999227
0.274889   888.247   0.999409
0.277133   873.3   0.999658
0.279377   858.703   0.999928
0.281621   844.448   1.00017
0.283865   830.523   1.00036
0.286109   816.919   1.00047
0.288353   803.625   1.00049
0.290597   790.635   1.00043
0.292841   777.936   1.00031
0.295085   765.524   1.00017
0.297329   753.388   1.00001
0.299573   741.521   0.999876
0.301817   729.914   0.999779
0.304061   718.562   0.999728
0.306305   707.455   0.999727
0.308549   696.59   0.999767
0.310793   685.956   0.999838
0.313037   675.551   0.999924
0.315281   665.365   1.00001
0.317525   655.395   1.00008
0.319769   645.632   1.00013
0.322013   636.073   1.00015
0.324257   626.712   1.00015
0.326501   617.544   1.00012
0.328745   608.562   1.00008
0.330989   599.764   1.00003
0.333233   591.142   0.999985
0.335477   582.694   0.999948
0.337721   574.415   0.999924
0.339965   566.301   0.999915
0.342209   558.346   0.99992
0.344453   550.547   0.999937
0.346697   542.901   0.999961
0.348941   535.403   0.999988
0.351185   528.05   1.00001
0.353429   520.838   1.00003
0.355673   513.763   1.00004
0.357917   506.823   1.00005
0.360161   500.014   1.00004
0.362405   493.333   1.00003
0.364649   486.777   1.00002
0.366893   480.342   1
0.369137   474.025   0.999991
0.371381   467.826   0.999982
0.373625   461.739   0.999976
0.375869   455.763   0.999976
0.378113   449.896   0.999979
0.380357   444.134   0.999985
0.382601   438.474   0.999992
0.384845   432.916   1
0.387089   427.456   1.00001
0.389333   422.093   1.00001
0.391577   416.823   1.00001
