0.001122   0.85743   1.1345
0.003366   0.740117   0.326426
0.00561   0.5386   0.142529
0.007854   1.17462   0.222028
0.010098   1.11953   0.164588
0.012342   1.23008   0.147961
0.014586   1.14996   0.117044
0.01683   1.11182   0.0980726
0.019074   1.29239   0.100589
0.0213179   0.863744   0.0601503
0.0235619   1.00437   0.0632821
0.0258059   0.94844   0.0545619
0.0280499   0.916094   0.0484851
0.0302939   0.868879   0.0425797
0.0325379   0.942028   0.04298
0.0347819   0.988171   0.0421771
0.0370259   0.937453   0.0375874
0.0392699   0.951823   0.0359827
0.0415139   1.00685   0.0360057
0.0437579   1.02936   0.0349227
0.0460019   0.99235   0.0320247
0.0482459   1.03963   0.0319901
0.0504899   1.05332   0.030971
0.0527339   1.12171   0.0315782
0.0549779   1.08321   0.02925
0.0572219   1.04569   0.0271294
0.0594658   1.04508   0.0260904
0.0617098   1.02565   0.0246741
0.0639538   1.00782   0.0233946
0.0661978   0.99683   0.022355
0.0684418   0.983347   0.0213294
0.0706858   0.986919   0.0207275
0.0729298   0.936321   0.0190598
0.0751738   0.931957   0.0184047
0.0774178   0.924921   0.0177363
0.0796618   0.957648   0.0178466
0.0819058   0.973593   0.0176466
0.0841498   1.00615   0.0177505
0.0863938   0.998246   0.0171535
0.0886378   1.02469   0.0171622
0.0908818   1.02822   0.0167961
0.0931258   1.02712   0.0163738
0.0953698   1.05828   0.0164736
0.0976138   1.02853   0.0156424
0.0998577   1.05012   0.0156119
0.102102   1.03121   0.0149938
0.104346   1.02184   0.0145381
0.10659   1.01524   0.01414
0.108834   1.00621   0.0137253
0.111078   0.942461   0.012596
0.113322   0.960461   0.0125824
0.115566   0.954027   0.0122555
0.11781   0.955568   0.0120415
0.120054   0.954988   0.0118092
0.122298   0.971621   0.0117945
0.124542   0.966146   0.0115167
0.126786   0.992652   0.0116232
0.12903   1.01147   0.0116376
0.131274   0.997188   0.0112771
0.133518   1.00061   0.0111257
0.135762   1.01894   0.0111422
0.138006   0.990162   0.0106514
0.14025   1.02057   0.0108028
0.142494   1.00677   0.010489
0.144738   1.00631   0.0103217
0.146982   1.00614   0.0101623
0.149226   0.983185   0.00978114
0.15147   0.983627   0.00964059
0.153714   0.960027   0.00927193
0.155958   0.973955   0.00927106
0.158202   0.986198   0.00925447
0.160446   0.978758   0.00905625
0.16269   0.982979   0.00896982
0.164934   0.965747   0.00869262
0.167178   1.00073   0.00888661
0.169422   0.972658   0.00852292
0.171666   1.00703   0.00870878
0.17391   0.998082   0.00852007
0.176154   1.00092   0.00843542
0.178398   0.993787   0.00826994
0.180642   1.00283   0.00824154
0.182886   1.00389   0.00814901
0.18513   0.998542   0.00800737
0.187374   0.999435   0.00791857
0.189618   1.0152   0.00794825
0.191862   1.00482   0.00777496
0.194106   0.981807   0.00750905
0.19635   0.99393   0.00751495
0.198593   0.990135   0.00740162
0.200837   0.98964   0.00731525
0.203081   0.979943   0.00716353
0.205325   0.987184   0.00713764
0.207569   0.984229   0.0070393
0.209813   0.989279   0.00699978
0.212057   1.00686   0.00704876
0.214301   1.00716   0.00697703
0.216545   0.991723   0.00679887
0.218789   1.01961   0.00691841
0.221033   1.0036   0.00674061
0.223277   0.998966   0.00664208
0.225521   1.01067   0.00665305
0.227765   1.00684   0.00656252
0.230009   0.99036   0.00639214
0.232253   0.990886   0.00633372
0.234497   0.996819   0.00631066
0.236741   1.00071   0.00627527
0.238985   1.00853   0.00626493
0.241229   0.989367   0.00608868
0.243473   0.980058   0.00597582
0.245717   1.00039   0.00604415
0.247961   0.996947   0.00596878
0.250205   0.989664   0.00587201
0.252449   1.00087   0.00588579
0.254693   1.00633   0.00586573
0.256937   1.00422   0.00580227
0.259181   1.01235   0.00579866
0.261425   1.00404   0.00570164
0.263669   1.01409   0.00570973
0.265913   0.997475   0.00556878
0.268157   1.00103   0.0055419
0.270401   1.00685   0.00552785
0.272645   1.00326   0.00546279
0.274889   1.00352   0.00541961
0.277133   0.997557   0.00534376
0.279377   1.00067   0.00531738
0.281621   1.00169   0.00528037
0.283865   1.01058   0.00528515
0.286109   1.00136   0.00519585
0.288353   0.998341   0.00513987
0.290597   1.006   0.00513928
0.292841   0.998328   0.00506103
0.295085   1.00264   0.00504424
0.297329   0.997413   0.00498008
0.299573   1.00561   0.00498338
0.301817   0.999126   0.00491446
0.304061   1.00561   0.00490981
0.306305   1.00799   0.00488541
0.308549   1.00808   0.0048503
0.310793   1.00729   0.00481153
0.313037   1.00639   0.00477275
0.315281   1.00266   0.00472121
0.317525   1.00852   0.00471527
0.319769   1.00821   0.00468072
0.322013   1.00555   0.00463583
0.324257   1.00988   0.00462359
0.326501   0.99923   0.00454337
0.328745   0.998229   0.00450784
0.330989   1.01087   0.004534
0.333233   1.00701   0.00448628
0.335477   1.00271   0.0044372
0.337721   1.0015   0.00440241
0.339965   1.00417   0.00438502
0.342209   1.01351   0.00439679
0.344453   1.00526   0.00433256
0.346697   1.0147   0.00434495
0.348941   1.00725   0.00428531
0.351185   1.00515   0.00424905
0.353429   1.00467   0.00422008
0.355673   1.00396   0.00419049
0.357917   1.01469   0.00420875
0.360161   1.00278   0.0041334
0.362405   1.00485   0.00411629
0.364649   1.00887   0.00410735
0.366893   1.00324   0.0040594
0.369137   1.00026   0.00402274
0.371381   1.00845   0.00403116
0.373625   1.01856   0.00404713
0.375869   1.0095   0.0039872
0.378113   1.00991   0.00396514
0.380357   0.999778   0.00390218
0.382601   1.00312   0.00389229
0.384845   1.01941   0.00393244
0.387089   1.00172   0.0038418
0.389333   1.01002   0.00385129
0.391577   0.998241   0.00378458
